StartChar: Hcircumflex
Encoding: 292 292 274
Width: 755
VWidth: 0
HStem: 0 21<66 71 244.667 248.333 505.333 506 683.667 687.333> 320 86<242 512> 651 20<67.1538 70 245 248.667 506.667 509.333 686 687.667> 742 178
VStem: 66 177.5<5.05469 320> 76 166<5.05469 320 406 629.4> 229 308 512 165<5.78418 320 406 661.684>
LayerCount: 2
Fore
Refer: 227 770 N 1 0 0 1 229 199 2
Refer: 38 72 N 1 0 0 1 0 0 3
EndChar
