StartChar: Racute
Encoding: 340 340 287
Width: 602
VWidth: 0
HStem: 0 21<63 65 233.667 238.333 405.667 543 543 599.667> 612 59.5<234 351.069> 742 190
VStem: 63 170.5<5.00647 285.488 481.985 612> 70 161<288.985 315 364 612> 77 154<6.06641 315 364 474.016> 233 261 392 165<416.592 571.314>
LayerCount: 2
Fore
Refer: 225 769 N 1 0 0 1 233 199 2
Refer: 48 82 N 1 0 0 1 0 0 3
EndChar
