StartChar: hcircumflex
Encoding: 293 293 275
Width: 582
VWidth: 0
HStem: 0 21<58 60 217.333 223 363 363.667 521.333 524.333> 397 95<275.923 389.333> 717 20<58 131 211.333 223> 798 178
VStem: -13 308 62 158<5.85498 370.498 420 731.237> 368.5 151<4.96985 371.73>
LayerCount: 2
Fore
Refer: 227 770 N 1 0 0 1 -13 255 2
Refer: 70 104 N 1 0 0 1 0 0 3
EndChar
