StartChar: nacute
Encoding: 324 324 284
Width: 582
VWidth: 0
HStem: 0 21<58 59.6667 217.333 223 362 363 520.667 525> 397 93<284.562 389> 460 20<58 69 207.667 211> 538 190
VStem: 62 157.5<6.03711 236.491> 66 150<6.03711 365.359 409 475.718> 245 261 369 149<1.32275 369.154>
LayerCount: 2
Fore
Refer: 225 769 N 1 0 0 1 245 -5 2
Refer: 76 110 N 1 0 0 1 0 0 3
EndChar
