StartChar: ncaron
Encoding: 328 328 286
Width: 582
VWidth: 0
HStem: 0 21<58 59.6667 217.333 223 362 363 520.667 525> 397 93<284.562 389> 460 20<58 69 207.667 211> 538 178
VStem: 62 157.5<6.03711 236.491> 66 150<6.03711 365.359 409 475.718> 140 308 369 149<1.32275 369.154>
LayerCount: 2
Fore
Refer: 230 780 N 1 0 0 1 140 -5 2
Refer: 76 110 N 1 0 0 1 0 0 3
EndChar
